<unk>
<pad>
<s>
</s>
-1
482
464
479
463
518
490
521
493
494
515
492
480
489
488
497
495
498
511
519
472
485
513
487
491
481
514
522
502
520
496
528
508
512
483
503
484
501
510
507
476
504
477
474
486
499
527
500
524
505
509
523
506
517
478
516
473
475
471
526
467
525
534
468
470
529
533
469
466
537
530
531
540
535
465
532
536
541
538
542
539
461
544
462
548
459
547
453
543
460
452
545
458
546
456
454
455
457
549
550
451
551
552
553
554
556
555
450
557
437
570
558
560
449
438
447
446
439
571
562
563
448
559
561
564
444
445
568
567
436
440
442
569
566
441
565
443
577
423
573
422
582
578
424
574
576
575
572
435
433
579
425
580
430
434
426
431
581
429
432
588
428
409
420
421
427
587
584
585
408
591
586
592
407
583
410
419
590
593
411
417
589
418
412
415
416
414
406
594
413
405
597
404
595
596
402
624
606
599
600
403
394
607
598
605
604
393
395
401
602
400
601
608
376
603
396
609
623
399
610
397
398
613
618
611
614
388
612
391
387
389
620
619
390
622
377
392
386
621
617
381
616
385
615
382
383
379
380
384
378
625
626
375
629
627
628
630
631
632
633
635
636
634
374
372
637
373
638
640
371
370
639
643
641
368
366
644
369
645
642
362
365
367
364
649
651
360
361
363
646
647
654
652
653
648
650
660
655
354
356
359
663
657
659
664
346
358
656
665
342
349
350
658
666
335
343
352
355
357
661
669
670
673
679
687
309
311
326
341
344
347
688
295
298
307
310
313
316
324
337
339
340
348
351
353
662
667
671
675
676
680
683
692
693
700
711
725
291
301
317
318
319
320
323
327
329
333
334
336
338
345
668
678
681
682
684
685
691
696
698
701
703
706
710
713
715
717
719
724
ear
