<unk>
<pad>
<s>
</s>
482
483
496
518
479
493
490
464
485
515
487
463
494
488
521
497
477
495
511
498
503
520
519
492
481
480
476
489
513
491
484
504
512
524
522
517
486
514
528
523
507
527
506
502
508
472
526
501
505
525
509
516
499
478
510
500
475
474
529
534
473
471
470
468
533
530
537
531
532
467
469
535
538
536
466
540
542
465
541
539
544
543
462
545
547
548
550
546
549
461
553
460
552
551
459
554
457
454
458
453
558
557
555
556
456
452
560
455
564
559
562
561
563
568
567
570
565
566
450
569
451
571
574
572
573
577
578
449
575
447
576
448
582
446
437
579
581
438
439
580
445
444
432
583
442
441
585
440
586
436
584
587
443
588
589
592
591
590
433
435
593
594
596
434
423
597
595
422
431
424
428
429
430
425
427
426
598
599
421
602
600
420
601
604
419
409
605
603
607
417
606
408
418
415
609
407
414
411
416
410
412
608
406
610
613
413
614
612
611
400
624
405
615
619
621
620
404
618
622
397
616
403
623
402
617
401
395
394
398
396
393
399
625
389
376
391
390
626
388
387
392
386
627
630
377
385
634
382
629
384
381
379
383
380
628
631
632
378
636
633
635
637
648
639
638
646
642
375
640
641
645
649
643
644
647
654
372
653
655
664
652
374
650
651
369
657
656
373
661
370
663
660
371
659
662
665
666
366
669
367
658
368
672
668
673
676
671
683
362
364
365
670
679
363
667
360
677
361
674
680
691
358
359
688
678
687
675
682
692
350
356
357
684
685
355
349
689
702
347
353
681
686
701
341
351
693
696
352
354
695
705
709
337
345
697
707
717
690
700
708
711
326
335
336
342
343
344
698
346
703
704
714
718
720
311
323
330
348
694
699
710
328
331
339
340
706
713
715
716
724
730
741
325
334
338
725
726
740
270
295
298
308
309
310
313
315
317
318
324
327
719
727
729
731
737
739
271
286
301
307
312
314
316
319
329
333
723
728
732
735
736
751
273
291
294
297
299
300
305
306
320
322
332
712
721
722
734
738
742
744
747
748
749
752
756
757
