<unk>
<pad>
<s>
</s>
-1
483
482
496
518
485
493
487
486
477
515
503
488
516
476
490
501
520
517
497
542
471
481
524
494
504
511
495
498
531
519
484
506
526
523
525
512
491
527
522
478
513
521
507
505
509
480
475
492
514
528
489
479
499
508
500
532
529
530
502
510
456
534
474
538
537
470
546
533
535
468
536
473
472
469
544
543
550
545
539
540
561
541
462
463
553
467
465
549
464
547
466
552
548
551
554
558
557
576
555
560
556
564
559
568
565
567
562
566
460
457
563
461
569
570
454
571
572
450
574
459
458
573
575
578
591
577
455
432
582
581
579
583
453
452
580
451
585
586
447
448
584
587
589
449
588
592
590
596
445
446
444
594
597
595
593
441
442
606
439
443
440
598
599
437
436
438
433
435
602
434
600
601
604
428
431
429
427
603
605
607
430
609
621
425
426
422
421
610
419
608
612
613
615
611
614
420
424
619
400
417
423
620
415
622
418
616
414
618
624
397
416
617
623
412
625
406
411
413
626
409
630
634
407
408
405
410
403
627
404
629
401
636
628
632
398
631
648
402
395
389
396
399
639
633
637
646
635
390
642
391
394
392
393
641
649
638
645
643
388
647
387
644
386
640
385
384
654
382
655
383
653
379
664
652
380
381
651
376
650
377
656
657
661
660
663
662
669
659
665
369
378
666
668
672
658
372
676
673
667
671
683
670
677
367
674
679
680
691
366
688
682
374
678
685
375
370
675
692
358
684
359
362
363
687
364
373
689
702
355
357
360
371
365
686
701
368
681
350
361
347
356
708
349
353
693
696
697
709
695
705
707
341
345
690
717
351
337
698
699
700
703
711
714
718
330
336
352
694
704
720
323
326
328
331
344
710
716
730
741
335
339
713
715
724
726
731
740
270
308
311
315
325
334
342
343
348
354
706
727
729
737
739
271
286
312
314
317
318
338
340
719
723
728
732
735
736
751
273
294
295
297
298
299
300
301
305
306
310
313
319
324
327
329
332
333
346
712
721
722
725
734
738
742
744
747
748
749
750
752
756
757
eit
