<unk>
<pad>
<s>
</s>
482
-1
464
479
463
490
518
521
515
494
493
497
480
488
498
511
472
489
519
495
492
513
485
487
481
528
514
522
502
520
512
491
503
496
484
508
483
501
510
474
504
527
507
499
476
477
486
500
505
524
509
467
523
517
478
473
471
516
506
475
526
534
468
525
470
533
529
469
466
537
540
530
465
535
531
541
536
542
532
538
539
461
544
453
462
548
459
452
547
543
460
458
545
456
546
454
455
457
549
451
550
551
556
552
437
570
553
554
438
555
450
557
558
560
439
571
449
563
446
562
447
561
564
448
436
568
559
440
445
567
444
569
442
441
423
566
577
565
443
422
424
578
582
576
573
574
575
572
435
579
425
433
580
581
430
426
588
409
431
429
434
420
428
408
432
421
585
587
584
407
592
591
410
427
586
593
583
411
590
419
589
417
412
418
406
416
414
415
594
413
405
404
597
595
624
596
606
402
607
394
605
395
600
598
599
602
403
393
376
604
601
608
401
603
400
623
609
613
396
610
614
397
398
399
611
618
612
388
387
620
622
377
619
389
391
621
392
390
386
617
616
615
385
381
382
379
380
378
383
384
625
626
375
629
627
630
628
631
632
635
633
636
634
374
372
638
637
373
640
643
371
639
641
370
642
368
644
645
369
364
365
366
649
646
647
367
651
654
652
363
648
660
663
361
653
362
655
664
359
650
657
356
687
656
658
659
661
666
350
352
355
360
669
673
679
309
310
346
354
358
662
670
671
676
680
682
685
693
320
326
327
329
339
342
351
353
357
665
667
668
672
675
681
684
688
692
696
697
700
701
711
717
719
724
725
