<unk>
<pad>
<s>
</s>
483
482
496
-1
518
485
493
487
515
477
503
488
476
490
520
517
481
511
497
524
494
504
498
519
495
484
486
526
525
506
512
523
527
513
491
522
516
521
507
478
509
514
505
528
475
492
480
532
479
499
529
530
501
500
508
489
531
502
538
510
534
537
535
470
533
474
468
536
542
544
471
472
550
473
543
469
545
553
462
539
540
541
463
549
546
465
467
552
547
464
548
551
554
558
466
557
555
560
564
556
568
565
567
559
561
566
562
569
563
457
570
460
461
454
571
572
450
574
573
578
575
459
458
576
577
432
456
582
581
579
583
455
580
585
586
451
452
453
584
589
588
447
587
448
449
592
590
591
596
597
595
594
593
445
446
444
441
442
439
598
599
440
443
437
436
602
438
600
601
433
435
604
434
428
427
429
603
431
605
607
606
609
430
610
425
608
421
614
612
615
613
426
422
621
419
611
619
400
620
622
420
417
424
616
624
423
618
397
415
418
617
623
625
414
626
416
634
412
411
630
406
413
409
627
403
405
407
410
629
648
408
628
632
404
631
636
646
401
633
639
637
398
402
389
396
395
399
635
638
642
645
391
649
641
390
643
394
640
393
644
647
387
392
388
386
385
654
653
655
384
664
651
652
650
376
379
382
660
380
383
656
669
659
661
657
662
668
377
663
665
369
667
658
672
381
676
666
677
683
674
682
372
670
685
671
673
687
688
692
679
680
678
684
691
378
689
702
358
359
675
701
708
370
686
365
707
350
374
375
695
696
357
363
705
347
360
362
681
690
697
700
703
709
717
364
367
373
693
704
714
353
355
361
366
710
720
336
345
356
699
716
730
741
341
351
368
371
698
706
711
718
724
726
729
308
331
335
349
694
725
736
739
740
314
315
323
330
337
339
340
348
712
713
715
727
737
757
310
312
327
328
329
334
342
343
352
354
719
723
728
731
732
734
735
738
742
744
747
748
749
750
751
756
