<unk>
<pad>
<s>
</s>
-1
482
479
464
463
518
490
521
493
494
515
492
495
489
488
480
497
511
519
498
513
472
485
487
491
496
520
481
522
502
514
508
512
503
483
528
501
510
507
484
476
504
477
524
486
509
505
474
499
500
527
523
506
478
517
516
473
475
526
471
525
467
534
468
470
529
533
469
466
537
530
531
535
532
540
465
536
538
541
542
539
461
544
462
543
548
459
547
460
545
453
546
458
452
456
454
455
549
457
550
551
451
552
553
554
556
555
450
557
558
560
449
570
447
446
559
448
437
562
563
438
561
439
571
445
444
564
568
567
442
566
565
440
569
436
441
443
577
573
423
574
572
578
435
576
575
422
582
424
433
434
580
579
431
430
432
581
425
429
426
428
427
420
588
421
584
587
585
409
583
586
591
408
419
592
590
417
589
407
418
593
410
411
416
412
415
414
406
413
594
597
405
404
595
596
402
403
598
599
600
606
605
604
601
607
395
602
394
624
401
393
400
603
608
396
609
399
610
376
613
397
398
611
623
618
388
391
387
612
614
389
390
619
622
392
377
386
620
621
617
616
385
382
615
381
383
384
379
378
380
625
626
375
629
627
628
630
631
632
633
636
635
634
374
372
373
371
637
640
638
370
639
641
643
368
365
644
369
645
362
642
366
646
367
649
363
354
650
360
361
364
651
654
648
652
355
653
647
346
349
359
655
663
351
353
356
660
665
337
348
659
664
342
350
358
656
673
341
352
357
667
669
343
657
662
338
339
658
661
671
326
335
345
666
670
679
687
688
309
334
340
344
347
675
676
683
320
323
682
685
692
700
307
311
325
330
331
333
668
672
684
288
295
298
303
310
313
314
316
317
318
319
321
324
327
329
332
674
678
689
690
691
693
703
705
707
711
os
291
300
301
304
308
312
315
322
336
677
680
681
695
698
701
702
706
708
710
713
715
717
719
724
725
ear
ira
oco
