<unk>
<pad>
<s>
</s>
-1
483
482
496
518
477
485
493
487
515
488
503
476
490
517
520
497
494
524
481
495
498
504
519
486
511
484
523
506
525
526
491
512
527
522
521
478
507
516
513
505
492
480
489
500
509
475
499
501
528
508
479
514
529
532
530
502
510
531
474
534
470
533
537
538
535
468
471
536
473
472
469
542
544
539
543
540
467
545
541
550
465
462
463
553
546
466
464
549
547
548
552
551
554
557
558
555
556
560
559
461
564
460
561
565
568
562
567
566
457
563
569
570
459
454
458
571
572
574
450
573
456
575
576
578
577
455
579
453
582
452
581
451
580
583
432
585
586
584
448
447
449
587
589
588
590
592
591
446
445
444
596
593
441
594
597
595
442
443
439
440
598
599
437
436
438
433
435
434
600
602
601
604
428
431
429
427
603
605
430
607
606
425
609
426
422
421
608
610
419
424
612
611
613
420
615
614
423
417
621
400
619
415
620
418
616
622
416
414
618
617
624
397
413
412
623
411
406
625
409
407
405
408
410
630
627
626
403
634
404
401
629
628
398
631
402
632
395
399
396
648
389
636
633
639
637
646
391
390
394
393
635
392
642
638
388
645
386
387
641
649
643
384
640
385
647
382
383
644
654
380
381
655
379
653
664
377
652
650
376
657
378
651
656
661
660
369
663
665
669
666
662
658
659
668
372
672
375
676
667
673
367
366
374
671
670
674
683
371
677
682
691
370
688
679
359
363
364
373
685
358
365
368
678
687
680
692
350
360
357
362
684
686
356
675
355
701
702
361
681
689
708
697
347
349
353
693
696
345
351
695
336
341
705
709
352
717
337
354
698
690
700
707
710
714
331
339
344
694
699
703
711
720
334
335
343
704
716
718
724
730
326
330
333
342
348
706
726
729
731
741
323
325
327
328
338
340
713
715
740
270
305
308
311
315
318
346
727
736
737
739
285
286
299
306
307
312
314
317
324
712
719
723
725
728
732
735
748
751
271
273
291
295
297
298
300
301
303
310
313
319
320
322
329
332
721
722
734
738
742
744
747
749
750
752
753
756
757
761
765
788
ar
es
