<unk>
<pad>
<s>
</s>
-1
483
482
496
518
493
485
487
477
515
488
503
476
490
520
517
497
524
481
494
504
495
511
498
519
484
486
506
526
523
525
512
491
527
522
478
521
513
516
507
505
509
480
475
492
489
528
514
479
532
499
508
500
529
501
530
531
502
510
534
474
538
537
470
533
535
468
536
471
473
472
542
469
544
543
550
539
545
540
541
462
553
463
467
465
549
546
464
547
552
548
466
551
554
558
557
555
560
556
564
559
568
561
565
562
567
566
563
460
457
569
461
570
454
571
574
572
459
450
573
458
575
578
576
577
456
455
579
582
581
432
583
580
453
452
451
585
586
584
587
447
448
589
588
449
592
590
591
596
446
594
445
444
595
597
593
441
442
439
443
440
598
599
437
436
438
433
602
435
600
434
601
604
428
431
429
427
603
605
607
430
606
609
425
422
426
421
610
608
419
611
613
612
615
614
420
424
621
619
400
417
423
620
415
622
418
616
618
414
624
397
416
617
623
412
406
411
625
413
626
630
409
407
408
634
405
627
403
410
404
629
401
628
632
631
398
402
648
395
636
389
396
399
639
633
637
646
635
390
642
391
394
392
393
638
649
641
645
643
388
644
386
387
640
647
384
385
654
382
653
655
383
379
664
652
376
381
380
650
651
377
656
657
661
660
663
662
666
378
659
665
669
369
668
672
658
372
671
676
673
667
670
683
677
367
674
691
679
680
688
366
685
678
682
370
374
375
675
692
687
358
684
359
362
363
364
373
689
701
702
355
357
360
371
686
365
368
681
350
361
693
347
356
708
349
353
696
697
709
690
695
705
707
341
345
700
717
351
699
703
714
337
698
711
718
330
336
352
694
704
720
323
326
328
331
344
710
716
730
741
335
339
706
713
715
724
726
731
740
270
308
311
315
325
334
342
343
348
354
727
729
737
739
271
286
312
314
317
318
338
340
712
719
723
725
728
732
735
736
751
273
294
295
297
298
299
300
301
305
306
310
313
319
324
327
329
332
333
346
721
722
734
738
742
744
747
748
749
750
752
756
757
eit
