<unk>
<pad>
<s>
</s>
-1
482
464
479
463
518
490
521
493
494
515
492
489
480
488
497
495
498
511
519
472
485
513
487
491
481
520
514
522
502
496
508
528
512
483
484
503
501
510
507
477
504
476
474
486
499
500
527
509
505
524
523
506
478
517
516
473
475
471
526
467
525
534
468
470
529
533
469
466
537
530
531
535
540
465
532
536
541
538
542
539
461
544
462
459
548
547
543
453
460
545
452
458
546
456
454
455
457
549
550
451
551
552
553
554
556
555
450
557
558
570
437
560
449
438
446
447
439
448
571
563
562
559
561
564
444
445
568
567
436
440
442
569
441
566
443
565
577
423
573
422
578
582
574
424
576
572
575
435
433
579
430
434
425
580
431
426
429
581
432
428
588
420
409
421
427
587
584
585
408
586
591
592
407
583
410
419
590
593
417
411
589
418
412
415
416
414
406
594
413
405
597
404
595
596
402
599
600
624
606
403
394
607
605
598
604
602
395
401
393
400
601
608
376
603
396
609
623
399
397
398
610
613
614
618
611
388
612
387
391
389
390
620
619
622
392
377
386
621
617
616
385
381
615
382
383
379
380
384
378
625
626
375
629
627
628
630
631
632
635
633
636
634
374
372
637
373
638
640
371
370
643
639
641
368
366
644
369
642
645
367
649
362
364
365
647
651
360
361
363
646
653
652
654
648
660
650
655
663
354
356
359
358
657
659
664
346
656
665
342
349
350
658
666
670
335
343
352
355
357
661
669
673
679
687
309
311
326
341
344
347
688
295
298
307
310
313
316
324
337
339
340
348
351
353
662
667
671
675
676
680
682
683
692
693
700
711
725
291
301
317
318
319
320
323
327
329
333
334
336
338
345
668
678
681
684
685
691
696
697
698
701
703
706
710
713
715
717
719
724
ear
