<unk>
<pad>
<s>
</s>
483
496
-1
518
482
485
493
487
515
477
503
476
488
490
520
517
511
497
494
498
504
495
486
524
519
506
512
513
491
526
516
525
478
507
523
527
484
481
522
509
521
514
475
505
479
480
499
492
508
501
500
510
502
528
532
470
468
529
474
489
530
538
531
537
534
471
472
473
535
469
533
536
462
542
463
550
544
465
467
464
543
545
553
540
539
466
549
546
541
552
547
548
551
457
554
558
460
557
461
454
450
568
564
560
567
555
565
556
566
559
569
561
562
459
458
432
563
570
456
571
572
574
455
578
573
451
452
447
575
576
448
453
577
582
449
583
581
579
586
580
445
446
585
444
589
441
588
587
442
584
439
440
592
436
437
443
597
596
435
433
591
438
590
595
434
428
429
594
427
431
593
430
598
599
602
425
601
600
421
604
426
422
400
419
420
603
621
417
607
605
424
606
609
397
423
622
619
613
612
614
615
415
418
610
414
608
624
620
416
412
618
411
616
634
611
623
625
406
630
413
409
403
405
407
626
410
648
408
617
404
627
629
646
401
398
632
636
402
628
639
396
631
389
637
395
633
399
649
638
391
390
642
645
394
641
643
635
392
393
640
644
647
387
386
653
655
654
651
384
385
388
664
652
379
660
650
376
382
380
656
383
661
662
668
659
657
663
665
667
669
658
369
672
381
676
677
683
666
377
674
682
372
670
685
673
671
692
687
679
680
688
678
691
684
689
702
378
701
708
359
370
675
358
365
686
350
374
695
696
363
705
347
360
362
681
697
700
703
717
357
364
367
373
375
690
693
704
707
709
714
353
361
366
710
720
336
345
355
699
716
730
741
341
351
356
368
371
698
706
711
718
724
726
729
308
331
335
349
694
725
736
739
740
323
330
337
339
340
348
712
713
715
727
737
757
310
312
328
329
334
342
343
352
354
719
723
728
731
732
734
735
738
742
744
747
748
749
750
751
756
