<unk>
<pad>
<s>
</s>
482
464
463
479
490
518
521
515
494
493
480
488
472
497
489
498
519
485
492
495
513
511
487
514
522
528
502
520
491
481
503
508
484
501
474
504
507
499
476
486
477
500
510
512
505
483
527
496
524
509
473
471
517
478
523
516
506
475
534
470
526
533
467
529
468
525
469
537
466
530
540
535
531
465
536
532
538
542
541
461
539
544
462
459
547
548
543
460
458
545
456
546
453
455
457
454
452
550
549
551
570
552
451
450
556
553
554
571
558
560
449
446
555
557
447
568
448
567
564
445
444
559
569
561
442
439
566
563
562
441
443
436
437
565
440
582
573
574
438
572
575
580
429
435
578
433
581
420
431
426
428
577
576
422
430
432
579
585
434
586
427
423
588
584
424
597
587
425
418
590
419
589
415
421
414
583
594
416
591
410
411
417
593
595
602
404
609
592
600
618
412
400
407
406
599
604
402
596
413
598
606
601
621
603
403
409
405
607
401
611
408
605
608
388
390
614
392
382
396
397
399
617
395
613
623
630
377
387
398
612
616
624
370
393
622
389
394
615
619
364
371
372
386
610
620
625
367
376
378
626
629
649
654
366
380
384
385
628
631
635
640
644
650
653
320
326
329
339
356
359
361
368
373
381
383
627
632
636
637
638
639
641
642
643
646
647
652
660
661
663
664
666
670
676
682
693
697
